  Run_nr	    Time	   Alpha	Delta_Pb	   P_bar	       T	      Fx	      Fy	      Fz	     rpm	     Rho
       /	   H:M:S	 degrees	      Pa	      Pa	 degr._C	       N	       N	       N	   1/min	  kg/m^3
       1	 16:15:58	  -5.000	  124.33	  999.71	   22.76	   0.471	  -3.624	  -0.089	   849.7	   1.177
       2	 16:16:18	  -4.500	  123.50	  999.70	   22.84	   0.430	  -3.044	  -0.088	   849.8	   1.177
       3	 16:16:41	  -4.000	  123.27	  999.68	   22.91	   0.409	  -2.478	  -0.083	   849.8	   1.176
       4	 16:16:57	  -3.500	  124.77	  999.71	   22.94	   0.376	  -1.967	  -0.080	   850.2	   1.176
       5	 16:17:15	  -3.000	  125.14	  999.72	   22.97	   0.361	  -1.538	  -0.078	   850.0	   1.176
       6	 16:17:32	  -2.500	  122.85	  999.74	   23.00	   0.353	  -1.059	  -0.075	   849.9	   1.176
       7	 16:17:44	  -2.000	  125.49	  999.73	   23.01	   0.348	  -0.567	  -0.063	   849.7	   1.176
       8	 16:17:58	  -1.500	  122.12	  999.74	   23.02	   0.355	  -0.021	  -0.064	   849.8	   1.176
       9	 16:18:43	  -1.000	  124.80	  999.68	   23.07	   0.359	   0.479	  -0.056	   850.0	   1.176
      10	 16:18:58	  -0.500	  124.07	  999.70	   23.08	   0.368	   1.041	  -0.051	   850.2	   1.176
      11	 16:19:12	  -0.000	  125.75	  999.73	   23.10	   0.380	   1.731	  -0.045	   849.9	   1.176
      12	 16:19:23	   0.500	  124.53	  999.76	   23.11	   0.387	   2.493	  -0.040	   850.2	   1.176
      13	 16:19:34	   1.000	  123.61	  999.74	   23.12	   0.410	   3.380	  -0.029	   850.2	   1.176
      14	 16:19:44	   1.500	  123.96	  999.74	   23.13	   0.422	   3.972	  -0.017	   850.3	   1.175
      15	 16:19:58	   2.000	  123.69	  999.74	   23.14	   0.446	   4.516	  -0.015	   849.9	   1.175
      16	 16:20:09	   2.500	  125.04	  999.74	   23.15	   0.473	   5.088	  -0.014	   850.7	   1.175
      17	 16:20:19	   3.000	  123.50	  999.74	   23.15	   0.501	   5.622	  -0.010	   849.9	   1.175
      18	 16:20:29	   3.500	  124.55	  999.73	   23.17	   0.527	   6.195	  -0.014	   849.8	   1.175
      19	 16:20:39	   4.000	  123.62	  999.73	   23.17	   0.558	   6.772	  -0.011	   849.9	   1.175
      20	 16:20:49	   4.500	  123.69	  999.70	   23.16	   0.593	   7.342	  -0.015	   849.8	   1.175
      21	 16:20:59	   5.000	  123.55	  999.71	   23.17	   0.637	   7.978	  -0.022	   849.6	   1.175
      22	 16:21:09	   5.500	  123.85	  999.73	   23.18	   0.672	   8.573	  -0.023	   849.8	   1.175
      23	 16:21:19	   6.000	  124.00	  999.74	   23.18	   0.708	   9.119	  -0.022	   850.1	   1.175
      24	 16:21:29	   6.500	  122.97	  999.72	   23.19	   0.758	   9.791	  -0.022	   849.8	   1.175
      25	 16:21:39	   7.000	  123.49	  999.74	   23.20	   0.801	  10.305	  -0.030	   849.7	   1.175
      26	 16:21:50	   7.500	  124.18	  999.71	   23.20	   0.857	  10.961	  -0.025	   849.4	   1.175
      27	 16:21:59	   8.000	  124.24	  999.71	   23.22	   0.912	  11.461	  -0.038	   849.6	   1.175
      28	 16:22:09	   8.500	  123.91	  999.73	   23.22	   0.976	  12.013	  -0.043	   849.2	   1.175
      29	 16:22:21	   9.000	  123.81	  999.72	   23.23	   1.040	  12.576	  -0.044	   849.9	   1.175
      30	 16:22:32	   9.500	  122.22	  999.73	   23.23	   1.108	  13.011	  -0.063	   850.0	   1.175
      31	 16:22:42	  10.000	  123.59	  999.75	   23.23	   1.176	  13.549	  -0.066	   849.8	   1.175
      32	 16:22:53	  10.500	  124.03	  999.76	   23.24	   1.246	  14.025	  -0.071	   850.0	   1.175
      33	 16:23:03	  11.000	  123.79	  999.74	   23.24	   1.329	  14.379	  -0.088	   850.1	   1.175
      34	 16:23:12	  11.500	  123.26	  999.74	   23.26	   1.401	  14.587	  -0.096	   849.8	   1.175
      35	 16:23:28	  12.000	  123.83	  999.77	   23.26	   1.471	  14.772	  -0.112	   850.3	   1.175
      36	 16:23:39	  12.500	  123.00	  999.71	   23.26	   1.555	  15.162	  -0.124	   850.2	   1.175
      37	 16:23:50	  13.000	  122.76	  999.72	   23.26	   1.643	  15.322	  -0.133	   849.8	   1.175
      38	 16:24:01	  13.500	  122.75	  999.72	   23.26	   1.741	  15.394	  -0.154	   850.1	   1.175
      39	 16:24:10	  14.000	  124.36	  999.70	   23.27	   1.849	  15.343	  -0.152	   850.0	   1.175
      40	 16:24:22	  14.500	  123.68	  999.71	   23.28	   2.023	  15.399	  -0.161	   850.0	   1.175
      41	 16:24:35	  15.000	  123.95	  999.72	   23.28	   2.206	  15.413	  -0.170	   850.0	   1.175
      42	 16:24:52	  15.500	  122.94	  999.78	   23.29	   3.585	  14.557	  -0.100	   849.9	   1.175
      43	 16:25:26	  16.500	  122.74	  999.75	   23.32	   3.987	  13.489	  -0.098	   850.5	   1.175
      44	 16:26:40	  16.000	  122.73	  999.75	   23.34	   3.851	  13.983	  -0.090	   850.3	   1.175
      45	 16:27:04	  17.000	  122.14	  999.75	   23.35	   4.161	  13.078	  -0.109	   850.0	   1.175
      46	 16:27:24	  17.500	  121.72	  999.74	   23.36	   4.245	  12.587	  -0.120	   849.6	   1.175
      47	 16:27:38	  18.000	  122.72	  999.74	   23.37	   4.378	  12.483	  -0.135	   850.0	   1.175
      48	 16:27:52	  18.500	  122.79	  999.75	   23.37	   4.480	  12.293	  -0.149	   850.1	   1.175
      49	 16:28:02	  19.000	  121.80	  999.76	   23.37	   4.596	  12.178	  -0.156	   849.7	   1.175
      50	 16:28:11	  19.500	  122.45	  999.77	   23.38	   4.750	  12.187	  -0.161	   850.2	   1.175
      51	 16:28:25	  20.000	  121.20	  999.77	   23.39	   4.854	  12.080	  -0.139	   849.9	   1.175
      52	 16:28:57	  20.500	  123.29	  999.78	   23.39	   4.979	  12.080	  -0.117	   849.8	   1.175
      53	 16:29:11	  21.000	  122.23	  999.78	   23.41	   5.117	  12.082	  -0.093	   850.0	   1.174
      54	 16:29:31	  21.500	  121.23	  999.77	   23.41	   5.230	  12.049	  -0.046	   849.5	   1.174
      55	 16:29:45	  21.000	  121.28	  999.75	   23.42	   5.042	  11.881	  -0.085	   850.3	   1.174
      56	 16:29:58	  20.500	  121.84	  999.76	   23.43	   5.020	  12.185	  -0.116	   849.5	   1.174
      57	 16:30:05	  20.000	  121.91	  999.76	   23.43	   4.880	  12.173	  -0.139	   849.8	   1.174
      58	 16:30:14	  19.500	  122.78	  999.77	   23.42	   4.721	  12.107	  -0.154	   849.9	   1.174
      59	 16:30:22	  19.000	  123.07	  999.77	   23.42	   4.620	  12.242	  -0.160	   849.8	   1.174
      60	 16:30:32	  18.500	  123.06	  999.78	   23.43	   4.501	  12.316	  -0.157	   850.5	   1.174
      61	 16:30:40	  18.000	  123.28	  999.79	   23.43	   4.394	  12.491	  -0.139	   849.8	   1.174
      62	 16:30:50	  17.500	  121.70	  999.79	   23.44	   4.274	  12.660	  -0.118	   850.1	   1.174
      63	 16:30:59	  17.000	  121.56	  999.77	   23.45	   4.154	  12.950	  -0.111	   850.0	   1.174
      64	 16:31:07	  16.500	  122.40	  999.76	   23.44	   4.011	  13.485	  -0.104	   850.0	   1.174
      65	 16:31:16	  16.000	  122.23	  999.77	   23.45	   3.841	  13.986	  -0.093	   849.6	   1.174
      66	 16:31:25	  15.500	  121.81	  999.79	   23.45	   3.565	  14.359	  -0.088	   849.8	   1.174
      67	 16:31:33	  15.000	  123.79	  999.78	   23.45	   3.214	  15.175	  -0.104	   850.1	   1.174
      68	 16:31:42	  14.500	  122.99	  999.78	   23.45	   2.033	  15.443	  -0.166	   850.1	   1.174
      69	 16:31:51	  14.000	  123.73	  999.78	   23.45	   1.888	  15.522	  -0.156	   849.9	   1.174
      70	 16:32:00	  13.500	  123.50	  999.78	   23.45	   1.773	  15.442	  -0.148	   850.0	   1.174
      71	 16:32:10	  13.000	  122.54	  999.80	   23.45	   1.672	  15.267	  -0.132	   850.1	   1.174
      72	 16:32:18	  12.500	  124.83	  999.77	   23.46	   1.600	  15.209	  -0.120	   850.3	   1.174
      73	 16:32:27	  12.000	  124.37	  999.76	   23.46	   1.499	  14.889	  -0.111	   849.7	   1.174
      74	 16:32:35	  11.500	  122.69	  999.78	   23.46	   1.409	  14.650	  -0.098	   849.9	   1.174
      75	 16:32:45	  11.000	  123.25	  999.79	   23.47	   1.318	  14.232	  -0.085	   849.9	   1.174
      76	 16:32:52	  10.500	  123.67	  999.79	   23.47	   1.251	  13.945	  -0.072	   850.0	   1.174
      77	 16:33:01	  10.000	  123.29	  999.79	   23.47	   1.186	  13.568	  -0.065	   850.0	   1.174
      78	 16:33:09	   9.500	  123.81	  999.78	   23.48	   1.115	  13.112	  -0.055	   850.1	   1.174
